[01 - open.jpg]
filters=finetune2=1,0.000000,0.000000,0.000000,ffe9eef4,0.000000;
moddate=9ce2185a8a30d201
width=2689
height=2017
textactive=0
[02 - bg.jpg]
filters=finetune2=1,0.000000,0.000000,0.000000,ffeaeff5,0.000000;
moddate=56ffa3648a30d201
width=2687
height=2015
textactive=0
[03 - gameplay.jpg]
filters=finetune2=1,0.000000,0.000000,0.000000,ffe8edf3,0.000000;
moddate=5fccb96f8a30d201
width=2491
height=1868
textactive=0
[05 - vis.jpg]
filters=finetune2=1,0.000000,0.000000,0.000000,ffd8e1f0,0.000000;
moddate=6820b2788a30d201
width=2979
height=2234
textactive=0
